periodic length scale = 0.017462709774861508 +0.012256731154794781 -0.0019841877172802804
aperiodic length scale = 33.654516947683796 +6.127486359080336 -1.442310138298673
kernel period = 24.96027963151452 +1.9617469926102125 -6.463373813307584
Vc = 28.69975881364632 +0.8311057895177392 -7.120595451452466
Vr = 9.978012524644404 +12.000939726233314 -1.754488154390101
Lc = 23.793979547537457 +5.432688359809436 -1.5209343696456799
Bc = 0.3272857963437519 +0.05939362742921739 -0.09033665405954028
Br = 6.071243218734028e-05 +0.0025683224100164505 -1.3931524802023445e-05

P = 5.864344972616147 +5.062375145152986 -4.471570713185294
K = 28.038051840014614 +3.3954088806143012 -3.337453502218306
e = 0.9827133147424764 +0.012392519854596995 -0.06730149058311552
w = 6.191889349178603 +0.07665776444621653 -1.772298939802023
T0 = 1187.4978091408846 +172.72028030108004 -36.28218621294627

constant = 70.3264047887167 +322.05190018991357 -18.718402846667175
constant = 8.157950237071518e-05 +0.006606222871551505 -2.5540796585503624e-05

#########################################################################

periodic length scale = 1.6461499170945906 +0.25514308546178577 -0.5535927037937558
aperiodic length scale = 30.913129949989322 +20.991435830412644 -9.369389104215617
kernel period = 18.90393309682926 +2.5890458862007186 -2.060766334513051
Vc = 8.390559907443489 +11.753648093974764 -3.7875585814950483
Vr = 17.602900300210887 +8.384135049717269 -9.96236555799143
Lc = 7.489596770266324 +9.760356256228093 -4.094940556031212
Bc = 0.013728517304754988 +0.2997505598020725 -0.006142132647071736
Br = 1.3964300022052856 +3.6874878827929543 -0.6190242407461263

P = 30.103377172435216 +7.607617309960027 -6.495908712960464
K = 0.10843817518312321 +5.540701780981926 -0.07430817589981936
e = 0.9025704084489918 +0.07398052824618584 -0.34464706637250864
w = 3.95075596289936 +1.958198417683207 -1.512863801862085
T0 = 267.9670207769225 +342.90388792389706 -156.67549664345455

constant = 0.28612163628667786 +16.318200505273786 -0.06742142915535912
constant = 0.12560023031390746 +2.1393427576119053 -0.08697345199363696

########################################################
periodic length scale = 0.9306345063866857 +0.36080572077728545 -0.43290089961791745
aperiodic length scale = 44.86303622313738 +10.745142904064494 -17.979612149402257
kernel period = 29.94310357397289 +3.0300683448697967 -5.304830704796309
Vc = 2.0846328043953735 +5.905144913502754 -1.4012414437134793
Vr = 11.330715407064554 +12.63104046921711 -8.13780026708179
Lc = 0.7687079118465944 +1.8264816779550612 -0.35430699291300605
Bc = 0.8251670632132656 +2.3262011947822194 -0.7726083751988587
Br = 2.5903969332202386 +4.721447880468649 -2.4587809631768907

P = 5.746758679742181 +3.1275199266192857 -4.957175499525468
K = 0.30309901943659207 +0.2979098941981611 -0.2831031981459944
e = 0.006685105826817924 +0.015102013379210803 -0.005630922264906393
w = 0.6563151023482328 +0.3646397109726802 -0.2588724385610992
T0 = 3946.908550583371 +11434.725798203392 -3748.1925323276555

constant = 0.2229717912261903 +0.10251453420833281 -0.2175028588517683
constant = 0.15595609294596152 +0.6056237386377044 -0.15570158521928718
