periodic length scale = 0.007934043597920408 +0.0005401268683438848 -0.0008206659734501433
aperiodic length scale = 22.10612085743523 +2.5295539445772057 -1.8888258490384793
kernel period = 16.504020834288607 +0.43004879081556524 -1.4766611378225356
Vc = 11.052714530948766 +5.532094997264615 -6.444054143520563
Vr = 17.536478393262854 +1.9326726522446585 -1.13801237678895
Lc = 4.9705228315503724 +0.3267625621114343 -0.569477373015097
Bc = 0.02733014688518677 +0.0019488130711316914 -0.0030602945217143677
Br = 4.6305905687151074e-05 +1.9069251458246793e-06 -6.016591006392227e-07

P = 412.46477083755065 +37.84795495267679 -84.6353118958661
e = 0.12838237635290664 +0.08754220854535633 -0.055869944788792925
K = 1.057189797879332 +2.827054542988236 -0.6108568627680576
w = 0.6475086289188259 +0.18349773700192507 -0.41830991537873974
